  72
0.994823
0.988956
0.982443
0.975222
0.967230
0.958400
0.948662
0.937948
0.926187
0.913312
0.899256
0.883961
0.867372
0.849447
0.830156
0.809484
0.787434
0.764029
0.739316
0.713364
0.686268
0.658149
0.629150
0.599436
0.569190
0.538609
0.507900
0.477272
0.446933
0.417082
0.387906
0.359574
0.332236
0.306016
0.281016
0.257310
0.234951
0.213966
0.194364
0.176132
0.159245
0.143661
0.129330
0.116193
0.104186
0.093242
0.083290
0.074260
0.066084
0.058694
0.052027
0.046019
0.040614
0.035756
0.031395
0.027484
0.023979
0.020841
0.018034
0.015523
0.013280
0.011276
0.009486
0.007890
0.006465
0.005195
0.004062
0.003052
0.002152
0.001350
0.000636
