     2    72
       0.000  1.00000000
       0.000  0.99472350
       0.007  0.98885065
       0.069  0.98227566
       0.251  0.97487366
       0.609  0.96652418
       1.199  0.95710468
       2.078  0.94648892
       3.306  0.93454850
       4.940  0.92115521
       7.037  0.90618330
       9.654  0.88951284
      12.839  0.87103331
      16.637  0.85064781
      21.085  0.82827753
      26.206  0.80386680
      32.015  0.77738810
      38.509  0.74884677
      45.667  0.71828604
      53.451  0.68579042
      61.803  0.65148890
      70.643  0.61555624
      79.871  0.57821274
      89.365  0.53972232
      98.988  0.50038826
     108.586  0.46054736
     117.993  0.42056203
     127.038  0.38081121
     135.544  0.34168026
     143.338  0.30355048
     150.251  0.26678884
     156.128  0.23173872
     160.827  0.19871153
     164.222  0.16798052
     166.209  0.13977611
     166.704  0.11428347
     165.642  0.09164181
     162.990  0.07193703
     158.826  0.05511859
     153.306  0.04103882
     146.600  0.02951509
     138.893  0.02033548
     130.383  0.01326388
     121.272  0.00804493
     111.773  0.00440868
     102.101  0.00207486
      92.476  0.00075667
      83.117  0.00016402
      74.246  0.00000624
      66.077  0.00000000
      58.689  0.00000000
      52.021  0.00000000
      46.014  0.00000000
      40.610  0.00000000
      35.752  0.00000000
      31.392  0.00000000
      27.481  0.00000000
      23.977  0.00000000
      20.839  0.00000000
      18.032  0.00000000
      15.522  0.00000000
      13.278  0.00000000
      11.275  0.00000000
       9.486  0.00000000
       7.889  0.00000000
       6.465  0.00000000
       5.194  0.00000000
       4.061  0.00000000
       3.052  0.00000000
       2.152  0.00000000
       1.350  0.00000000
       0.636  0.00000000
       0.000  0.00000000
